{
 "metadata": {
  "language_info": {
   "codemirror_mode": {
    "name": "ipython",
    "version": 3
   },
   "file_extension": ".py",
   "mimetype": "text/x-python",
   "name": "python",
   "nbconvert_exporter": "python",
   "pygments_lexer": "ipython3",
   "version": "3.7.9"
  },
  "orig_nbformat": 2,
  "kernelspec": {
   "name": "python379jvsc74a57bd0b32c4faaeb5a9bd4c491c5073a3310d097b0b38aee165e88dd3bbbd207efc140",
   "display_name": "Python 3.7.9 64-bit"
  },
  "metadata": {
   "interpreter": {
    "hash": "b32c4faaeb5a9bd4c491c5073a3310d097b0b38aee165e88dd3bbbd207efc140"
   }
  }
 },
 "nbformat": 4,
 "nbformat_minor": 2,
 "cells": [
  {
   "cell_type": "code",
   "execution_count": 3,
   "metadata": {},
   "outputs": [
    {
     "output_type": "execute_result",
     "data": {
      "text/plain": [
       "        time_left  ct_score  t_score  bomb_planted  ct_health  t_health  \\\n",
       "0          175.00         0        0         False        500       500   \n",
       "1          156.03         0        0         False        500       500   \n",
       "2           96.03         0        0         False        391       400   \n",
       "3           76.03         0        0         False        391       400   \n",
       "4          174.97         1        0         False        500       500   \n",
       "...           ...       ...      ...           ...        ...       ...   \n",
       "122405      15.41        11       14          True        200       242   \n",
       "122406     174.93        11       15         False        500       500   \n",
       "122407     114.93        11       15         False        500       500   \n",
       "122408      94.93        11       15         False        500       500   \n",
       "122409      74.93        11       15         False        375       479   \n",
       "\n",
       "        ct_money  t_money  ct_defuse_kits  ct_players_alive  t_players_alive  \\\n",
       "0           4000     4000               0                 5                5   \n",
       "1            600      650               1                 5                5   \n",
       "2            750      500               1                 4                4   \n",
       "3            750      500               1                 4                4   \n",
       "4          18350    10750               1                 5                5   \n",
       "...          ...      ...             ...               ...              ...   \n",
       "122405       100     5950               1                 2                4   \n",
       "122406     11500    23900               1                 5                5   \n",
       "122407      1200     6700               1                 5                5   \n",
       "122408      1200     6700               1                 5                5   \n",
       "122409      1100     7000               1                 4                5   \n",
       "\n",
       "        map_de_cache  map_de_dust2  map_de_inferno  map_de_mirage  \\\n",
       "0                  0             1               0              0   \n",
       "1                  0             1               0              0   \n",
       "2                  0             1               0              0   \n",
       "3                  0             1               0              0   \n",
       "4                  0             1               0              0   \n",
       "...              ...           ...             ...            ...   \n",
       "122405             0             0               0              0   \n",
       "122406             0             0               0              0   \n",
       "122407             0             0               0              0   \n",
       "122408             0             0               0              0   \n",
       "122409             0             0               0              0   \n",
       "\n",
       "        map_de_nuke  map_de_overpass  map_de_train  map_de_vertigo  \\\n",
       "0                 0                0             0               0   \n",
       "1                 0                0             0               0   \n",
       "2                 0                0             0               0   \n",
       "3                 0                0             0               0   \n",
       "4                 0                0             0               0   \n",
       "...             ...              ...           ...             ...   \n",
       "122405            0                0             1               0   \n",
       "122406            0                0             1               0   \n",
       "122407            0                0             1               0   \n",
       "122408            0                0             1               0   \n",
       "122409            0                0             1               0   \n",
       "\n",
       "        Terrorists_win  \n",
       "0                    0  \n",
       "1                    0  \n",
       "2                    0  \n",
       "3                    0  \n",
       "4                    0  \n",
       "...                ...  \n",
       "122405               1  \n",
       "122406               1  \n",
       "122407               1  \n",
       "122408               1  \n",
       "122409               1  \n",
       "\n",
       "[122410 rows x 20 columns]"
      ],
      "text/html": "<div>\n<style scoped>\n    .dataframe tbody tr th:only-of-type {\n        vertical-align: middle;\n    }\n\n    .dataframe tbody tr th {\n        vertical-align: top;\n    }\n\n    .dataframe thead th {\n        text-align: right;\n    }\n</style>\n<table border=\"1\" class=\"dataframe\">\n  <thead>\n    <tr style=\"text-align: right;\">\n      <th></th>\n      <th>time_left</th>\n      <th>ct_score</th>\n      <th>t_score</th>\n      <th>bomb_planted</th>\n      <th>ct_health</th>\n      <th>t_health</th>\n      <th>ct_money</th>\n      <th>t_money</th>\n      <th>ct_defuse_kits</th>\n      <th>ct_players_alive</th>\n      <th>t_players_alive</th>\n      <th>map_de_cache</th>\n      <th>map_de_dust2</th>\n      <th>map_de_inferno</th>\n      <th>map_de_mirage</th>\n      <th>map_de_nuke</th>\n      <th>map_de_overpass</th>\n      <th>map_de_train</th>\n      <th>map_de_vertigo</th>\n      <th>Terrorists_win</th>\n    </tr>\n  </thead>\n  <tbody>\n    <tr>\n      <th>0</th>\n      <td>175.00</td>\n      <td>0</td>\n      <td>0</td>\n      <td>False</td>\n      <td>500</td>\n      <td>500</td>\n      <td>4000</td>\n      <td>4000</td>\n      <td>0</td>\n      <td>5</td>\n      <td>5</td>\n      <td>0</td>\n      <td>1</td>\n      <td>0</td>\n      <td>0</td>\n      <td>0</td>\n      <td>0</td>\n      <td>0</td>\n      <td>0</td>\n      <td>0</td>\n    </tr>\n    <tr>\n      <th>1</th>\n      <td>156.03</td>\n      <td>0</td>\n      <td>0</td>\n      <td>False</td>\n      <td>500</td>\n      <td>500</td>\n      <td>600</td>\n      <td>650</td>\n      <td>1</td>\n      <td>5</td>\n      <td>5</td>\n      <td>0</td>\n      <td>1</td>\n      <td>0</td>\n      <td>0</td>\n      <td>0</td>\n      <td>0</td>\n      <td>0</td>\n      <td>0</td>\n      <td>0</td>\n    </tr>\n    <tr>\n      <th>2</th>\n      <td>96.03</td>\n      <td>0</td>\n      <td>0</td>\n      <td>False</td>\n      <td>391</td>\n      <td>400</td>\n      <td>750</td>\n      <td>500</td>\n      <td>1</td>\n      <td>4</td>\n      <td>4</td>\n      <td>0</td>\n      <td>1</td>\n      <td>0</td>\n      <td>0</td>\n      <td>0</td>\n      <td>0</td>\n      <td>0</td>\n      <td>0</td>\n      <td>0</td>\n    </tr>\n    <tr>\n      <th>3</th>\n      <td>76.03</td>\n      <td>0</td>\n      <td>0</td>\n      <td>False</td>\n      <td>391</td>\n      <td>400</td>\n      <td>750</td>\n      <td>500</td>\n      <td>1</td>\n      <td>4</td>\n      <td>4</td>\n      <td>0</td>\n      <td>1</td>\n      <td>0</td>\n      <td>0</td>\n      <td>0</td>\n      <td>0</td>\n      <td>0</td>\n      <td>0</td>\n      <td>0</td>\n    </tr>\n    <tr>\n      <th>4</th>\n      <td>174.97</td>\n      <td>1</td>\n      <td>0</td>\n      <td>False</td>\n      <td>500</td>\n      <td>500</td>\n      <td>18350</td>\n      <td>10750</td>\n      <td>1</td>\n      <td>5</td>\n      <td>5</td>\n      <td>0</td>\n      <td>1</td>\n      <td>0</td>\n      <td>0</td>\n      <td>0</td>\n      <td>0</td>\n      <td>0</td>\n      <td>0</td>\n      <td>0</td>\n    </tr>\n    <tr>\n      <th>...</th>\n      <td>...</td>\n      <td>...</td>\n      <td>...</td>\n      <td>...</td>\n      <td>...</td>\n      <td>...</td>\n      <td>...</td>\n      <td>...</td>\n      <td>...</td>\n      <td>...</td>\n      <td>...</td>\n      <td>...</td>\n      <td>...</td>\n      <td>...</td>\n      <td>...</td>\n      <td>...</td>\n      <td>...</td>\n      <td>...</td>\n      <td>...</td>\n      <td>...</td>\n    </tr>\n    <tr>\n      <th>122405</th>\n      <td>15.41</td>\n      <td>11</td>\n      <td>14</td>\n      <td>True</td>\n      <td>200</td>\n      <td>242</td>\n      <td>100</td>\n      <td>5950</td>\n      <td>1</td>\n      <td>2</td>\n      <td>4</td>\n      <td>0</td>\n      <td>0</td>\n      <td>0</td>\n      <td>0</td>\n      <td>0</td>\n      <td>0</td>\n      <td>1</td>\n      <td>0</td>\n      <td>1</td>\n    </tr>\n    <tr>\n      <th>122406</th>\n      <td>174.93</td>\n      <td>11</td>\n      <td>15</td>\n      <td>False</td>\n      <td>500</td>\n      <td>500</td>\n      <td>11500</td>\n      <td>23900</td>\n      <td>1</td>\n      <td>5</td>\n      <td>5</td>\n      <td>0</td>\n      <td>0</td>\n      <td>0</td>\n      <td>0</td>\n      <td>0</td>\n      <td>0</td>\n      <td>1</td>\n      <td>0</td>\n      <td>1</td>\n    </tr>\n    <tr>\n      <th>122407</th>\n      <td>114.93</td>\n      <td>11</td>\n      <td>15</td>\n      <td>False</td>\n      <td>500</td>\n      <td>500</td>\n      <td>1200</td>\n      <td>6700</td>\n      <td>1</td>\n      <td>5</td>\n      <td>5</td>\n      <td>0</td>\n      <td>0</td>\n      <td>0</td>\n      <td>0</td>\n      <td>0</td>\n      <td>0</td>\n      <td>1</td>\n      <td>0</td>\n      <td>1</td>\n    </tr>\n    <tr>\n      <th>122408</th>\n      <td>94.93</td>\n      <td>11</td>\n      <td>15</td>\n      <td>False</td>\n      <td>500</td>\n      <td>500</td>\n      <td>1200</td>\n      <td>6700</td>\n      <td>1</td>\n      <td>5</td>\n      <td>5</td>\n      <td>0</td>\n      <td>0</td>\n      <td>0</td>\n      <td>0</td>\n      <td>0</td>\n      <td>0</td>\n      <td>1</td>\n      <td>0</td>\n      <td>1</td>\n    </tr>\n    <tr>\n      <th>122409</th>\n      <td>74.93</td>\n      <td>11</td>\n      <td>15</td>\n      <td>False</td>\n      <td>375</td>\n      <td>479</td>\n      <td>1100</td>\n      <td>7000</td>\n      <td>1</td>\n      <td>4</td>\n      <td>5</td>\n      <td>0</td>\n      <td>0</td>\n      <td>0</td>\n      <td>0</td>\n      <td>0</td>\n      <td>0</td>\n      <td>1</td>\n      <td>0</td>\n      <td>1</td>\n    </tr>\n  </tbody>\n</table>\n<p>122410 rows × 20 columns</p>\n</div>"
     },
     "metadata": {},
     "execution_count": 3
    }
   ],
   "source": [
    "import pandas as pd\n",
    "import numpy as np\n",
    "csgo_data_df = pd.read_csv(\"cleaned_csgo.csv\", index_col=0)\n",
    "csgo_data_df"
   ]
  },
  {
   "cell_type": "code",
   "execution_count": 4,
   "metadata": {},
   "outputs": [
    {
     "output_type": "stream",
     "name": "stdout",
     "text": [
      "<class 'pandas.core.frame.DataFrame'>\nInt64Index: 122410 entries, 0 to 122409\nData columns (total 20 columns):\n #   Column            Non-Null Count   Dtype\n---  ------            --------------   -----\n 0   time_left         122410 non-null  int32\n 1   ct_score          122410 non-null  int64\n 2   t_score           122410 non-null  int64\n 3   bomb_planted      122410 non-null  bool \n 4   ct_health         122410 non-null  int64\n 5   t_health          122410 non-null  int64\n 6   ct_money          122410 non-null  int64\n 7   t_money           122410 non-null  int64\n 8   ct_defuse_kits    122410 non-null  int64\n 9   ct_players_alive  122410 non-null  int64\n 10  t_players_alive   122410 non-null  int64\n 11  map_de_cache      122410 non-null  int64\n 12  map_de_dust2      122410 non-null  int64\n 13  map_de_inferno    122410 non-null  int64\n 14  map_de_mirage     122410 non-null  int64\n 15  map_de_nuke       122410 non-null  int64\n 16  map_de_overpass   122410 non-null  int64\n 17  map_de_train      122410 non-null  int64\n 18  map_de_vertigo    122410 non-null  int64\n 19  Terrorists_win    122410 non-null  int64\ndtypes: bool(1), int32(1), int64(18)\nmemory usage: 18.3 MB\n"
     ]
    },
    {
     "output_type": "execute_result",
     "data": {
      "text/plain": [
       "        time_left  ct_score  t_score  bomb_planted  ct_health  t_health  \\\n",
       "0             175         0        0         False        500       500   \n",
       "1             156         0        0         False        500       500   \n",
       "2              96         0        0         False        391       400   \n",
       "3              76         0        0         False        391       400   \n",
       "4             174         1        0         False        500       500   \n",
       "...           ...       ...      ...           ...        ...       ...   \n",
       "122405         15        11       14          True        200       242   \n",
       "122406        174        11       15         False        500       500   \n",
       "122407        114        11       15         False        500       500   \n",
       "122408         94        11       15         False        500       500   \n",
       "122409         74        11       15         False        375       479   \n",
       "\n",
       "        ct_money  t_money  ct_defuse_kits  ct_players_alive  t_players_alive  \\\n",
       "0           4000     4000               0                 5                5   \n",
       "1            600      650               1                 5                5   \n",
       "2            750      500               1                 4                4   \n",
       "3            750      500               1                 4                4   \n",
       "4          18350    10750               1                 5                5   \n",
       "...          ...      ...             ...               ...              ...   \n",
       "122405       100     5950               1                 2                4   \n",
       "122406     11500    23900               1                 5                5   \n",
       "122407      1200     6700               1                 5                5   \n",
       "122408      1200     6700               1                 5                5   \n",
       "122409      1100     7000               1                 4                5   \n",
       "\n",
       "        map_de_cache  map_de_dust2  map_de_inferno  map_de_mirage  \\\n",
       "0                  0             1               0              0   \n",
       "1                  0             1               0              0   \n",
       "2                  0             1               0              0   \n",
       "3                  0             1               0              0   \n",
       "4                  0             1               0              0   \n",
       "...              ...           ...             ...            ...   \n",
       "122405             0             0               0              0   \n",
       "122406             0             0               0              0   \n",
       "122407             0             0               0              0   \n",
       "122408             0             0               0              0   \n",
       "122409             0             0               0              0   \n",
       "\n",
       "        map_de_nuke  map_de_overpass  map_de_train  map_de_vertigo  \\\n",
       "0                 0                0             0               0   \n",
       "1                 0                0             0               0   \n",
       "2                 0                0             0               0   \n",
       "3                 0                0             0               0   \n",
       "4                 0                0             0               0   \n",
       "...             ...              ...           ...             ...   \n",
       "122405            0                0             1               0   \n",
       "122406            0                0             1               0   \n",
       "122407            0                0             1               0   \n",
       "122408            0                0             1               0   \n",
       "122409            0                0             1               0   \n",
       "\n",
       "        Terrorists_win  \n",
       "0                    0  \n",
       "1                    0  \n",
       "2                    0  \n",
       "3                    0  \n",
       "4                    0  \n",
       "...                ...  \n",
       "122405               1  \n",
       "122406               1  \n",
       "122407               1  \n",
       "122408               1  \n",
       "122409               1  \n",
       "\n",
       "[122410 rows x 20 columns]"
      ],
      "text/html": "<div>\n<style scoped>\n    .dataframe tbody tr th:only-of-type {\n        vertical-align: middle;\n    }\n\n    .dataframe tbody tr th {\n        vertical-align: top;\n    }\n\n    .dataframe thead th {\n        text-align: right;\n    }\n</style>\n<table border=\"1\" class=\"dataframe\">\n  <thead>\n    <tr style=\"text-align: right;\">\n      <th></th>\n      <th>time_left</th>\n      <th>ct_score</th>\n      <th>t_score</th>\n      <th>bomb_planted</th>\n      <th>ct_health</th>\n      <th>t_health</th>\n      <th>ct_money</th>\n      <th>t_money</th>\n      <th>ct_defuse_kits</th>\n      <th>ct_players_alive</th>\n      <th>t_players_alive</th>\n      <th>map_de_cache</th>\n      <th>map_de_dust2</th>\n      <th>map_de_inferno</th>\n      <th>map_de_mirage</th>\n      <th>map_de_nuke</th>\n      <th>map_de_overpass</th>\n      <th>map_de_train</th>\n      <th>map_de_vertigo</th>\n      <th>Terrorists_win</th>\n    </tr>\n  </thead>\n  <tbody>\n    <tr>\n      <th>0</th>\n      <td>175</td>\n      <td>0</td>\n      <td>0</td>\n      <td>False</td>\n      <td>500</td>\n      <td>500</td>\n      <td>4000</td>\n      <td>4000</td>\n      <td>0</td>\n      <td>5</td>\n      <td>5</td>\n      <td>0</td>\n      <td>1</td>\n      <td>0</td>\n      <td>0</td>\n      <td>0</td>\n      <td>0</td>\n      <td>0</td>\n      <td>0</td>\n      <td>0</td>\n    </tr>\n    <tr>\n      <th>1</th>\n      <td>156</td>\n      <td>0</td>\n      <td>0</td>\n      <td>False</td>\n      <td>500</td>\n      <td>500</td>\n      <td>600</td>\n      <td>650</td>\n      <td>1</td>\n      <td>5</td>\n      <td>5</td>\n      <td>0</td>\n      <td>1</td>\n      <td>0</td>\n      <td>0</td>\n      <td>0</td>\n      <td>0</td>\n      <td>0</td>\n      <td>0</td>\n      <td>0</td>\n    </tr>\n    <tr>\n      <th>2</th>\n      <td>96</td>\n      <td>0</td>\n      <td>0</td>\n      <td>False</td>\n      <td>391</td>\n      <td>400</td>\n      <td>750</td>\n      <td>500</td>\n      <td>1</td>\n      <td>4</td>\n      <td>4</td>\n      <td>0</td>\n      <td>1</td>\n      <td>0</td>\n      <td>0</td>\n      <td>0</td>\n      <td>0</td>\n      <td>0</td>\n      <td>0</td>\n      <td>0</td>\n    </tr>\n    <tr>\n      <th>3</th>\n      <td>76</td>\n      <td>0</td>\n      <td>0</td>\n      <td>False</td>\n      <td>391</td>\n      <td>400</td>\n      <td>750</td>\n      <td>500</td>\n      <td>1</td>\n      <td>4</td>\n      <td>4</td>\n      <td>0</td>\n      <td>1</td>\n      <td>0</td>\n      <td>0</td>\n      <td>0</td>\n      <td>0</td>\n      <td>0</td>\n      <td>0</td>\n      <td>0</td>\n    </tr>\n    <tr>\n      <th>4</th>\n      <td>174</td>\n      <td>1</td>\n      <td>0</td>\n      <td>False</td>\n      <td>500</td>\n      <td>500</td>\n      <td>18350</td>\n      <td>10750</td>\n      <td>1</td>\n      <td>5</td>\n      <td>5</td>\n      <td>0</td>\n      <td>1</td>\n      <td>0</td>\n      <td>0</td>\n      <td>0</td>\n      <td>0</td>\n      <td>0</td>\n      <td>0</td>\n      <td>0</td>\n    </tr>\n    <tr>\n      <th>...</th>\n      <td>...</td>\n      <td>...</td>\n      <td>...</td>\n      <td>...</td>\n      <td>...</td>\n      <td>...</td>\n      <td>...</td>\n      <td>...</td>\n      <td>...</td>\n      <td>...</td>\n      <td>...</td>\n      <td>...</td>\n      <td>...</td>\n      <td>...</td>\n      <td>...</td>\n      <td>...</td>\n      <td>...</td>\n      <td>...</td>\n      <td>...</td>\n      <td>...</td>\n    </tr>\n    <tr>\n      <th>122405</th>\n      <td>15</td>\n      <td>11</td>\n      <td>14</td>\n      <td>True</td>\n      <td>200</td>\n      <td>242</td>\n      <td>100</td>\n      <td>5950</td>\n      <td>1</td>\n      <td>2</td>\n      <td>4</td>\n      <td>0</td>\n      <td>0</td>\n      <td>0</td>\n      <td>0</td>\n      <td>0</td>\n      <td>0</td>\n      <td>1</td>\n      <td>0</td>\n      <td>1</td>\n    </tr>\n    <tr>\n      <th>122406</th>\n      <td>174</td>\n      <td>11</td>\n      <td>15</td>\n      <td>False</td>\n      <td>500</td>\n      <td>500</td>\n      <td>11500</td>\n      <td>23900</td>\n      <td>1</td>\n      <td>5</td>\n      <td>5</td>\n      <td>0</td>\n      <td>0</td>\n      <td>0</td>\n      <td>0</td>\n      <td>0</td>\n      <td>0</td>\n      <td>1</td>\n      <td>0</td>\n      <td>1</td>\n    </tr>\n    <tr>\n      <th>122407</th>\n      <td>114</td>\n      <td>11</td>\n      <td>15</td>\n      <td>False</td>\n      <td>500</td>\n      <td>500</td>\n      <td>1200</td>\n      <td>6700</td>\n      <td>1</td>\n      <td>5</td>\n      <td>5</td>\n      <td>0</td>\n      <td>0</td>\n      <td>0</td>\n      <td>0</td>\n      <td>0</td>\n      <td>0</td>\n      <td>1</td>\n      <td>0</td>\n      <td>1</td>\n    </tr>\n    <tr>\n      <th>122408</th>\n      <td>94</td>\n      <td>11</td>\n      <td>15</td>\n      <td>False</td>\n      <td>500</td>\n      <td>500</td>\n      <td>1200</td>\n      <td>6700</td>\n      <td>1</td>\n      <td>5</td>\n      <td>5</td>\n      <td>0</td>\n      <td>0</td>\n      <td>0</td>\n      <td>0</td>\n      <td>0</td>\n      <td>0</td>\n      <td>1</td>\n      <td>0</td>\n      <td>1</td>\n    </tr>\n    <tr>\n      <th>122409</th>\n      <td>74</td>\n      <td>11</td>\n      <td>15</td>\n      <td>False</td>\n      <td>375</td>\n      <td>479</td>\n      <td>1100</td>\n      <td>7000</td>\n      <td>1</td>\n      <td>4</td>\n      <td>5</td>\n      <td>0</td>\n      <td>0</td>\n      <td>0</td>\n      <td>0</td>\n      <td>0</td>\n      <td>0</td>\n      <td>1</td>\n      <td>0</td>\n      <td>1</td>\n    </tr>\n  </tbody>\n</table>\n<p>122410 rows × 20 columns</p>\n</div>"
     },
     "metadata": {},
     "execution_count": 4
    }
   ],
   "source": [
    "csgo_data_df[\"time_left\"] = csgo_data_df[\"time_left\"].astype(int)\n",
    "csgo_data_df.info()\n",
    "csgo_data_df"
   ]
  },
  {
   "cell_type": "code",
   "execution_count": 5,
   "metadata": {},
   "outputs": [
    {
     "output_type": "display_data",
     "data": {
      "application/vnd.plotly.v1+json": {
       "config": {
        "plotlyServerURL": "https://plot.ly"
       },
       "data": [
        {
         "coloraxis": "coloraxis",
         "hovertemplate": "x: %{x}<br>y: %{y}<br>color: %{z}<extra></extra>",
         "name": "0",
         "type": "heatmap",
         "x": [
          "time_left",
          "ct_score",
          "t_score",
          "bomb_planted",
          "ct_health",
          "t_health",
          "ct_money",
          "t_money",
          "ct_defuse_kits",
          "ct_players_alive",
          "t_players_alive",
          "map_de_cache",
          "map_de_dust2",
          "map_de_inferno",
          "map_de_mirage",
          "map_de_nuke",
          "map_de_overpass",
          "map_de_train",
          "map_de_vertigo",
          "Terrorists_win"
         ],
         "xaxis": "x",
         "y": [
          "time_left",
          "ct_score",
          "t_score",
          "bomb_planted",
          "ct_health",
          "t_health",
          "ct_money",
          "t_money",
          "ct_defuse_kits",
          "ct_players_alive",
          "t_players_alive",
          "map_de_cache",
          "map_de_dust2",
          "map_de_inferno",
          "map_de_mirage",
          "map_de_nuke",
          "map_de_overpass",
          "map_de_train",
          "map_de_vertigo",
          "Terrorists_win"
         ],
         "yaxis": "y",
         "z": [
          [
           1,
           0.0005134166732741694,
           -0.0028311364927134097,
           -0.4840574682573374,
           0.683463852737162,
           0.6782836593963631,
           0.3732829456953546,
           0.3406410030256679,
           -0.06380957045583431,
           0.6378029925386898,
           0.5969938236065441,
           -0.006376309243470251,
           0.002875903658983178,
           -0.03298621891403479,
           0.012136594584863854,
           0.024105942408455677,
           -0.007212923258605812,
           0.0124869957063153,
           -0.008790038176244335,
           -0.06864479207245243
          ],
          [
           0.0005134166732741694,
           1,
           0.6267258273272522,
           -0.01570696859649429,
           0.016494883781411757,
           -0.010987387876399902,
           0.2494160182913243,
           0.07470021627906506,
           0.25098334181835064,
           0.014086279514983487,
           -0.015219106145546682,
           0.0038255345962439897,
           0.009492268130987528,
           -0.011088334449275192,
           0.005048714207474345,
           0.0014296020913262555,
           -0.01273062393691248,
           0.0033526938134983545,
           0.004472405034076496,
           -0.057303672118070824
          ],
          [
           -0.0028311364927134097,
           0.6267258273272522,
           1,
           -0.010080261507287013,
           0.0028403245639139507,
           0.0017195118122409836,
           0.06976829718071026,
           0.2588546686665847,
           0.05749248162186958,
           0.0012161541229445002,
           -0.0034521222546066805,
           -0.00842772656321069,
           -0.00877730891869878,
           0.008780171934663513,
           0.014754672804380812,
           -0.0001952503890915232,
           -0.013266757627869045,
           -0.0035037380329745954,
           0.0010441546476156359,
           0.026863436521334855
          ],
          [
           -0.4840574682573374,
           -0.01570696859649429,
           -0.010080261507287013,
           1,
           -0.6191316395781872,
           -0.44804009289788466,
           -0.19010686091584977,
           -0.12582174690793332,
           -0.15349534955700395,
           -0.6246445268141383,
           -0.3992392622889732,
           -0.0039263378819077216,
           0.01310371450284659,
           0.027522310188457494,
           0.0011866112743340452,
           -0.01966184438278511,
           -0.019102464896594815,
           -0.007793317138049586,
           -0.0019820121604718225,
           0.18710090782092895
          ],
          [
           0.683463852737162,
           0.016494883781411757,
           0.0028403245639139507,
           -0.6191316395781872,
           1,
           0.7561673479073738,
           0.3063989346343947,
           0.21701275330907702,
           0.2122000919243265,
           0.97162955529529,
           0.6796757266879344,
           -0.0012197979492136852,
           -0.0058865944743305134,
           -0.00252704799898062,
           0.0032714521663626027,
           0.013002658987792307,
           0.0004928377597976016,
           0.005854698031259987,
           -0.015881113976423663,
           -0.190661970160442
          ],
          [
           0.6782836593963631,
           -0.010987387876399902,
           0.0017195118122409836,
           -0.44804009289788466,
           0.7561673479073738,
           1,
           0.23676355682552602,
           0.3067724690370756,
           0.045414657543223706,
           0.7032450436344593,
           0.9558592459689307,
           -0.004933731994747518,
           0.00873934826592121,
           -0.009037779717151015,
           0.009843706291380195,
           -0.005629881330815055,
           0.00838570279172724,
           -0.004822650891998278,
           -0.007908244671753726,
           0.09136093810170225
          ],
          [
           0.3732829456953546,
           0.2494160182913243,
           0.06976829718071026,
           -0.19010686091584977,
           0.3063989346343947,
           0.23676355682552602,
           1,
           0.37382243638439827,
           0.35068637577247014,
           0.30057875404674406,
           0.20332866889661627,
           0.01239581644849957,
           -0.030872812747227647,
           -0.0007690295206613461,
           -0.003950419841311427,
           0.04309145494955034,
           -0.011916834953399139,
           0.022164358303200803,
           -0.01937358166245433,
           -0.1293262927344704
          ],
          [
           0.3406410030256679,
           0.07470021627906506,
           0.2588546686665847,
           -0.12582174690793332,
           0.21701275330907702,
           0.3067724690370756,
           0.37382243638439827,
           1,
           -0.12381809640843794,
           0.1931021883656351,
           0.3003259663589754,
           -0.013597550128780255,
           0.028494310132287252,
           0.016142241601277554,
           -0.014674402632040163,
           -0.017978032358579185,
           0.017063365328069607,
           -0.03498661889543757,
           0.0013909933371635652,
           0.0983618940682078
          ],
          [
           -0.06380957045583431,
           0.25098334181835064,
           0.05749248162186958,
           -0.15349534955700395,
           0.2122000919243265,
           0.045414657543223706,
           0.35068637577247014,
           -0.12381809640843794,
           1,
           0.23072725381215364,
           0.0389717017650262,
           0.012129619925792949,
           -0.025049067556650324,
           0.015071060214089181,
           -0.0017801855791169199,
           0.030736134211255824,
           -0.010425731419795,
           0.01079119981184047,
           -0.02535113770460119,
           -0.2915567402623517
          ],
          [
           0.6378029925386898,
           0.014086279514983487,
           0.0012161541229445002,
           -0.6246445268141383,
           0.97162955529529,
           0.7032450436344593,
           0.30057875404674406,
           0.1931021883656351,
           0.23072725381215364,
           1,
           0.6253235193929497,
           0.0014393797891523042,
           -0.006354737803646787,
           0.003743981504602638,
           -0.00200629209116515,
           0.009574126289411395,
           -0.0016503968595013654,
           0.007266979410927098,
           -0.012460300036965383,
           -0.21679787498042832
          ],
          [
           0.5969938236065441,
           -0.015219106145546682,
           -0.0034521222546066805,
           -0.3992392622889732,
           0.6796757266879344,
           0.9558592459689307,
           0.20332866889661627,
           0.3003259663589754,
           0.0389717017650262,
           0.6253235193929497,
           1,
           -0.005916088942365841,
           0.005866544787003368,
           0.007020111944214846,
           0.001340286670673734,
           -0.007879027236855185,
           0.005957782383485926,
           -0.008540546026888604,
           -0.005863234741981561,
           0.14251752696326647
          ],
          [
           -0.006376309243470251,
           0.0038255345962439897,
           -0.00842772656321069,
           -0.0039263378819077216,
           -0.0012197979492136852,
           -0.004933731994747518,
           0.01239581644849957,
           -0.013597550128780255,
           0.012129619925792949,
           0.0014393797891523042,
           -0.005916088942365841,
           1,
           -0.016183934668910445,
           -0.016923316916128348,
           -0.014565964054562923,
           -0.01477292495633671,
           -0.012415874303411482,
           -0.012120015450885318,
           -0.010894872101919568,
           -0.015166218415278609
          ],
          [
           0.002875903658983178,
           0.009492268130987528,
           -0.00877730891869878,
           0.01310371450284659,
           -0.0058865944743305134,
           0.00873934826592121,
           -0.030872812747227647,
           0.028494310132287252,
           -0.025049067556650324,
           -0.006354737803646787,
           0.005866544787003368,
           -0.016183934668910445,
           1,
           -0.23094244210067966,
           -0.19877304945495958,
           -0.2015973218072354,
           -0.16943205322310534,
           -0.16539464340220292,
           -0.148675840679559,
           0.02957867638004662
          ],
          [
           -0.03298621891403479,
           -0.011088334449275192,
           0.008780171934663513,
           0.027522310188457494,
           -0.00252704799898062,
           -0.009037779717151015,
           -0.0007690295206613461,
           0.016142241601277554,
           0.015071060214089181,
           0.003743981504602638,
           0.007020111944214846,
           -0.016923316916128348,
           -0.23094244210067966,
           1,
           -0.20785423193616484,
           -0.21080753452004578,
           -0.17717275749716943,
           -0.1729508938207987,
           -0.15546827276962297,
           0.0355825488773477
          ],
          [
           0.012136594584863854,
           0.005048714207474345,
           0.014754672804380812,
           0.0011866112743340452,
           0.0032714521663626027,
           0.009843706291380195,
           -0.003950419841311427,
           -0.014674402632040163,
           -0.0017801855791169199,
           -0.00200629209116515,
           0.001340286670673734,
           -0.014565964054562923,
           -0.19877304945495958,
           -0.20785423193616484,
           1,
           -0.18144285694511708,
           -0.1524932748078532,
           -0.1488595004799179,
           -0.13381214120200682,
           -0.0017424106062405298
          ],
          [
           0.024105942408455677,
           0.0014296020913262555,
           -0.0001952503890915232,
           -0.01966184438278511,
           0.013002658987792307,
           -0.005629881330815055,
           0.04309145494955034,
           -0.017978032358579185,
           0.030736134211255824,
           0.009574126289411395,
           -0.007879027236855185,
           -0.01477292495633671,
           -0.2015973218072354,
           -0.21080753452004578,
           -0.18144285694511708,
           1,
           -0.15465997970637624,
           -0.15097457479573778,
           -0.13571341469875037,
           -0.040060247887661264
          ],
          [
           -0.007212923258605812,
           -0.01273062393691248,
           -0.013266757627869045,
           -0.019102464896594815,
           0.0004928377597976016,
           0.00838570279172724,
           -0.011916834953399139,
           0.017063365328069607,
           -0.010425731419795,
           -0.0016503968595013654,
           0.005957782383485926,
           -0.012415874303411482,
           -0.16943205322310534,
           -0.17717275749716943,
           -0.1524932748078532,
           -0.15465997970637624,
           1,
           -0.12688626993064006,
           -0.11406005941048701,
           -0.006333275331330478
          ],
          [
           0.0124869957063153,
           0.0033526938134983545,
           -0.0035037380329745954,
           -0.007793317138049586,
           0.005854698031259987,
           -0.004822650891998278,
           0.022164358303200803,
           -0.03498661889543757,
           0.01079119981184047,
           0.007266979410927098,
           -0.008540546026888604,
           -0.012120015450885318,
           -0.16539464340220292,
           -0.1729508938207987,
           -0.1488595004799179,
           -0.15097457479573778,
           -0.12688626993064006,
           1,
           -0.11134211321744891,
           -0.03636535479106477
          ],
          [
           -0.008790038176244335,
           0.004472405034076496,
           0.0010441546476156359,
           -0.0019820121604718225,
           -0.015881113976423663,
           -0.007908244671753726,
           -0.01937358166245433,
           0.0013909933371635652,
           -0.02535113770460119,
           -0.012460300036965383,
           -0.005863234741981561,
           -0.010894872101919568,
           -0.148675840679559,
           -0.15546827276962297,
           -0.13381214120200682,
           -0.13571341469875037,
           -0.11406005941048701,
           -0.11134211321744891,
           1,
           0.012514525147372758
          ],
          [
           -0.06864479207245243,
           -0.057303672118070824,
           0.026863436521334855,
           0.18710090782092895,
           -0.190661970160442,
           0.09136093810170225,
           -0.1293262927344704,
           0.0983618940682078,
           -0.2915567402623517,
           -0.21679787498042832,
           0.14251752696326647,
           -0.015166218415278609,
           0.02957867638004662,
           0.0355825488773477,
           -0.0017424106062405298,
           -0.040060247887661264,
           -0.006333275331330478,
           -0.03636535479106477,
           0.012514525147372758,
           1
          ]
         ]
        }
       ],
       "layout": {
        "coloraxis": {
         "colorscale": [
          [
           0,
           "#0d0887"
          ],
          [
           0.1111111111111111,
           "#46039f"
          ],
          [
           0.2222222222222222,
           "#7201a8"
          ],
          [
           0.3333333333333333,
           "#9c179e"
          ],
          [
           0.4444444444444444,
           "#bd3786"
          ],
          [
           0.5555555555555556,
           "#d8576b"
          ],
          [
           0.6666666666666666,
           "#ed7953"
          ],
          [
           0.7777777777777778,
           "#fb9f3a"
          ],
          [
           0.8888888888888888,
           "#fdca26"
          ],
          [
           1,
           "#f0f921"
          ]
         ]
        },
        "margin": {
         "t": 60
        },
        "template": {
         "data": {
          "bar": [
           {
            "error_x": {
             "color": "#2a3f5f"
            },
            "error_y": {
             "color": "#2a3f5f"
            },
            "marker": {
             "line": {
              "color": "#E5ECF6",
              "width": 0.5
             }
            },
            "type": "bar"
           }
          ],
          "barpolar": [
           {
            "marker": {
             "line": {
              "color": "#E5ECF6",
              "width": 0.5
             }
            },
            "type": "barpolar"
           }
          ],
          "carpet": [
           {
            "aaxis": {
             "endlinecolor": "#2a3f5f",
             "gridcolor": "white",
             "linecolor": "white",
